     2     1
    GDAS    25     5     1     0     0
    GDAS    25     5     8     0     0
     4 BACKWARD OMEGA   
    25     5     9     0   34.342  -87.338    10.0
    25     5     9     0   34.342  -87.338   500.0
    25     5     9     0   34.342  -87.338  1000.0
    25     5     9     0   34.342  -87.338  2000.0
     1 PRESSURE
     1     1    25     5     9     0     0     0     0.0   34.342  -87.338     10.0    988.8
     2     1    25     5     9     0     0     0     0.0   34.342  -87.338    500.0    934.1
     3     1    25     5     9     0     0     0     0.0   34.342  -87.338   1000.0    880.9
     4     1    25     5     9     0     0     0     0.0   34.342  -87.338   2000.0    781.8
     1     1    25     5     8    23     0     1    -1.0   34.392  -87.460     16.1    988.2
     2     1    25     5     8    23     0     1    -1.0   34.370  -87.622    576.1    927.1
     3     1    25     5     8    23     0     1    -1.0   34.299  -87.628    970.5    885.6
     4     1    25     5     8    23     0     1    -1.0   34.195  -87.626   1550.3    827.2
     1     1    25     5     8    22     0     2    -2.0   34.391  -87.572     13.7    988.8
     2     1    25     5     8    22     0     2    -2.0   34.342  -87.834    429.4    944.1
     3     1    25     5     8    22     0     2    -2.0   34.246  -87.858    661.0    919.8
     4     1    25     5     8    22     0     2    -2.0   34.077  -87.853    927.0    892.6
     1     1    25     5     8    21     0     3    -3.0   34.346  -87.673      6.3    989.6
     2     1    25     5     8    21     0     3    -3.0   34.265  -87.976    223.9    967.8
     3     1    25     5     8    21     0     3    -3.0   34.166  -87.997    332.0    956.7
     4     1    25     5     8    21     0     3    -3.0   33.994  -87.971    431.7    946.6
     1     1    25     5     8    20     0     2    -4.0   34.284  -87.765      0.0    991.0
     2     1    25     5     8    20     0     2    -4.0   34.189  -88.064    113.3    981.7
     3     1    25     5     8    20     0     2    -4.0   34.089  -88.067    152.5    978.1
     4     1    25     5     8    20     0     2    -4.0   33.913  -88.022    156.0    978.7
     1     1    25     5     8    19     0     1    -5.0   34.226  -87.853      0.0    992.4
     2     1    25     5     8    19     0     1    -5.0   34.129  -88.154     65.9    988.7
     3     1    25     5     8    19     0     1    -5.0   34.028  -88.147     88.1    987.0
     4     1    25     5     8    19     0     1    -5.0   33.845  -88.090     94.3    987.1
     1     1    25     5     8    18     0     0    -6.0   34.171  -87.944      0.0    994.0
     2     1    25     5     8    18     0     0    -6.0   34.077  -88.248     51.8    992.2
     3     1    25     5     8    18     0     0    -6.0   33.975  -88.237     72.4    990.6
     4     1    25     5     8    18     0     0    -6.0   33.785  -88.176     81.6    990.1
     1     1    25     5     8    17     0     1    -7.0   34.118  -88.028      0.0    994.6
     2     1    25     5     8    17     0     1    -7.0   34.027  -88.333     49.0    993.5
     3     1    25     5     8    17     0     1    -7.0   33.922  -88.321     71.8    991.5
     4     1    25     5     8    17     0     1    -7.0   33.729  -88.259     80.9    990.9
     1     1    25     5     8    16     0     2    -8.0   34.066  -88.085      0.0    995.2
     2     1    25     5     8    16     0     2    -8.0   33.974  -88.390     46.2    994.6
     3     1    25     5     8    16     0     2    -8.0   33.868  -88.380     68.5    992.6
     4     1    25     5     8    16     0     2    -8.0   33.676  -88.317     77.8    991.9
     1     1    25     5     8    15     0     3    -9.0   34.015  -88.115      0.0    995.5
     2     1    25     5     8    15     0     3    -9.0   33.916  -88.424     42.4    995.5
     3     1    25     5     8    15     0     3    -9.0   33.811  -88.416     63.5    993.7
     4     1    25     5     8    15     0     3    -9.0   33.626  -88.353     73.1    993.0
     1     1    25     5     8    14     0     2   -10.0   33.970  -88.131      0.0    996.9
     2     1    25     5     8    14     0     2   -10.0   33.864  -88.447     39.7    996.5
     3     1    25     5     8    14     0     2   -10.0   33.762  -88.442     60.2    994.7
     4     1    25     5     8    14     0     2   -10.0   33.587  -88.381     70.8    993.8
     1     1    25     5     8    13     0     1   -11.0   33.939  -88.149      0.0    998.2
     2     1    25     5     8    13     0     1   -11.0   33.826  -88.472     39.9    997.1
     3     1    25     5     8    13     0     1   -11.0   33.729  -88.472     61.5    995.0
     4     1    25     5     8    13     0     1   -11.0   33.566  -88.416     74.2    993.7
     1     1    25     5     8    12     0     0   -12.0   33.921  -88.168      0.6    999.2
     2     1    25     5     8    12     0     0   -12.0   33.802  -88.500     42.8    997.4
     3     1    25     5     8    12     0     0   -12.0   33.711  -88.508     67.1    994.8
     4     1    25     5     8    12     0     0   -12.0   33.559  -88.459     83.0    993.0
     1     1    25     5     8    11     0     1   -13.0   33.909  -88.194      1.4    999.1
     2     1    25     5     8    11     0     1   -13.0   33.782  -88.537     46.7    996.9
     3     1    25     5     8    11     0     1   -13.0   33.695  -88.555     74.2    993.9
     4     1    25     5     8    11     0     1   -13.0   33.555  -88.515     94.0    991.5
     1     1    25     5     8    10     0     2   -14.0   33.895  -88.230      1.7    999.0
     2     1    25     5     8    10     0     2   -14.0   33.758  -88.589     49.5    996.6
     3     1    25     5     8    10     0     2   -14.0   33.672  -88.619     79.8    993.2
     4     1    25     5     8    10     0     2   -14.0   33.538  -88.591    103.6    990.2
     1     1    25     5     8     9     0     3   -15.0   33.879  -88.278      1.4    999.0
     2     1    25     5     8     9     0     3   -15.0   33.731  -88.655     51.2    996.4
     3     1    25     5     8     9     0     3   -15.0   33.643  -88.702     84.5    992.6
     4     1    25     5     8     9     0     3   -15.0   33.511  -88.687    112.5    989.0
     1     1    25     5     8     8     0     2   -16.0   33.856  -88.325      1.2    999.1
     2     1    25     5     8     8     0     2   -16.0   33.695  -88.722     53.1    996.2
     3     1    25     5     8     8     0     2   -16.0   33.602  -88.786     89.9    991.9
     4     1    25     5     8     8     0     2   -16.0   33.468  -88.787    123.0    987.5
     1     1    25     5     8     7     0     1   -17.0   33.823  -88.360      1.2    999.2
     2     1    25     5     8     7     0     1   -17.0   33.645  -88.775     56.3    995.7
     3     1    25     5     8     7     0     1   -17.0   33.543  -88.856     97.6    990.7
     4     1    25     5     8     7     0     1   -17.0   33.404  -88.872    137.8    985.4
     1     1    25     5     8     6     0     0   -18.0   33.781  -88.382      1.6    999.3
     2     1    25     5     8     6     0     0   -18.0   33.581  -88.816     61.0    994.9
     3     1    25     5     8     6     0     0   -18.0   33.466  -88.911    108.5    988.9
     4     1    25     5     8     6     0     0   -18.0   33.317  -88.940    158.9    982.3
     1     1    25     5     8     5     0     1   -19.0   33.734  -88.400      1.9    999.4
     2     1    25     5     8     5     0     1   -19.0   33.509  -88.850     65.6    994.2
     3     1    25     5     8     5     0     1   -19.0   33.377  -88.959    119.7    987.2
     4     1    25     5     8     5     0     1   -19.0   33.214  -88.998    181.4    979.0
     1     1    25     5     8     4     0     2   -20.0   33.687  -88.419      1.6    999.5
     2     1    25     5     8     4     0     2   -20.0   33.438  -88.885     67.2    994.0
     3     1    25     5     8     4     0     2   -20.0   33.284  -89.006    126.0    986.1
     4     1    25     5     8     4     0     2   -20.0   33.106  -89.053    195.1    977.2
     1     1    25     5     8     3     0     3   -21.0   33.639  -88.439      0.7    999.7
     2     1    25     5     8     3     0     3   -21.0   33.366  -88.917     65.5    994.2
     3     1    25     5     8     3     0     3   -21.0   33.189  -89.047    125.5    986.0
     4     1    25     5     8     3     0     3   -21.0   32.994  -89.097    197.1    976.8
     1     1    25     5     8     2     0     2   -22.0   33.593  -88.461      0.0    999.5
     2     1    25     5     8     2     0     2   -22.0   33.297  -88.942     60.8    993.5
     3     1    25     5     8     2     0     2   -22.0   33.096  -89.077    117.2    985.9
     4     1    25     5     8     2     0     2   -22.0   32.888  -89.127    187.7    978.1
     1     1    25     5     8     1     0     1   -23.0   33.553  -88.486      0.0    999.2
     2     1    25     5     8     1     0     1   -23.0   33.234  -88.959     53.3    993.0
     3     1    25     5     8     1     0     1   -23.0   33.012  -89.095    101.0    986.5
     4     1    25     5     8     1     0     1   -23.0   32.801  -89.147    169.3    980.2
     1     1    25     5     8     0     0     0   -24.0   33.518  -88.513      0.0    998.8
     2     1    25     5     8     0     0     0   -24.0   33.179  -88.968     43.0    992.6
     3     1    25     5     8     0     0     0   -24.0   32.942  -89.101     80.4    988.2
     4     1    25     5     8     0     0     0   -24.0   32.731  -89.159    145.8    982.7
     1     1    25     5     7    23     0     1   -25.0   33.479  -88.549      0.0    998.5
     2     1    25     5     7    23     0     1   -25.0   33.127  -88.980     34.5    992.9
     3     1    25     5     7    23     0     1   -25.0   32.883  -89.112     64.8    990.3
     4     1    25     5     7    23     0     1   -25.0   32.671  -89.181    128.4    985.1
     1     1    25     5     7    22     0     2   -26.0   33.426  -88.598      0.0    998.2
     2     1    25     5     7    22     0     2   -26.0   33.073  -89.008     29.9    992.6
     3     1    25     5     7    22     0     2   -26.0   32.824  -89.148     58.0    991.5
     4     1    25     5     7    22     0     2   -26.0   32.609  -89.234    124.0    986.1
     1     1    25     5     7    21     0     3   -27.0   33.362  -88.662      0.0    997.6
     2     1    25     5     7    21     0     3   -27.0   33.017  -89.058     28.5    992.5
     3     1    25     5     7    21     0     3   -27.0   32.762  -89.213     57.0    992.3
     4     1    25     5     7    21     0     3   -27.0   32.540  -89.320    129.6    986.2
     1     1    25     5     7    20     0     2   -28.0   33.295  -88.734      0.5    997.9
     2     1    25     5     7    20     0     2   -28.0   32.953  -89.136     30.3    994.0
     3     1    25     5     7    20     0     2   -28.0   32.688  -89.304     60.2    993.5
     4     1    25     5     7    20     0     2   -28.0   32.451  -89.431    139.1    986.4
     1     1    25     5     7    19     0     1   -29.0   33.230  -88.814      2.2    998.1
     2     1    25     5     7    19     0     1   -29.0   32.874  -89.245     35.6    995.4
     3     1    25     5     7    19     0     1   -29.0   32.591  -89.414     65.7    994.5
     4     1    25     5     7    19     0     1   -29.0   32.330  -89.543    142.4    987.1
     1     1    25     5     7    18     0     0   -30.0   33.165  -88.914      5.4    998.2
     2     1    25     5     7    18     0     0   -30.0   32.774  -89.375     43.4    996.5
     3     1    25     5     7    18     0     0   -30.0   32.469  -89.527     69.6    995.3
     4     1    25     5     7    18     0     0   -30.0   32.180  -89.633    131.9    989.0
     1     1    25     5     7    17     0     1   -31.0   33.096  -89.016      8.8    997.3
     2     1    25     5     7    17     0     1   -31.0   32.658  -89.490     49.8    996.6
     3     1    25     5     7    17     0     1   -31.0   32.343  -89.619     69.6    995.7
     4     1    25     5     7    17     0     1   -31.0   32.035  -89.699    115.5    991.2
     1     1    25     5     7    16     0     2   -32.0   33.018  -89.089     11.2    997.1
     2     1    25     5     7    16     0     2   -32.0   32.547  -89.567     53.1    996.8
     3     1    25     5     7    16     0     2   -32.0   32.235  -89.692     68.2    996.2
     4     1    25     5     7    16     0     2   -32.0   31.916  -89.774    103.4    992.6
     1     1    25     5     7    15     0     3   -33.0   32.935  -89.126     12.6    997.2
     2     1    25     5     7    15     0     3   -33.0   32.448  -89.624     55.3    997.0
     3     1    25     5     7    15     0     3   -33.0   32.148  -89.769     67.7    996.6
     4     1    25     5     7    15     0     3   -33.0   31.802  -89.874     94.7    993.4
     1     1    25     5     7    14     0     2   -34.0   32.855  -89.131     13.7    997.2
     2     1    25     5     7    14     0     2   -34.0   32.360  -89.660     56.8    996.6
     3     1    25     5     7    14     0     2   -34.0   32.067  -89.840     66.8    996.1
     4     1    25     5     7    14     0     2   -34.0   31.680  -89.968     94.1    992.8
     1     1    25     5     7    13     0     1   -35.0   32.784  -89.108     15.0    996.9
     2     1    25     5     7    13     0     1   -35.0   32.275  -89.669     57.1    996.1
     3     1    25     5     7    13     0     1   -35.0   31.980  -89.882     65.2    995.5
     4     1    25     5     7    13     0     1   -35.0   31.551  -90.020    116.8    990.0
     1     1    25     5     7    12     0     0   -36.0   32.722  -89.061     16.3    996.6
     2     1    25     5     7    12     0     0   -36.0   32.193  -89.652     55.4    995.8
     3     1    25     5     7    12     0     0   -36.0   31.887  -89.886     67.4    994.6
     4     1    25     5     7    12     0     0   -36.0   31.424  -90.033    213.6    979.0
     1     1    25     5     7    11     0     1   -37.0   32.659  -88.989     17.4    996.6
     2     1    25     5     7    11     0     1   -37.0   32.087  -89.617     46.9    995.8
     3     1    25     5     7    11     0     1   -37.0   31.761  -89.862     64.2    994.3
     4     1    25     5     7    11     0     1   -37.0   31.277  -90.024    466.0    950.7
     1     1    25     5     7    10     0     2   -38.0   32.586  -88.889     18.7    997.6
     2     1    25     5     7    10     0     2   -38.0   31.941  -89.573     32.0    996.6
     3     1    25     5     7    10     0     2   -38.0   31.626  -89.819     48.7    995.7
     4     1    25     5     7    10     0     2   -38.0   31.136  -89.990    748.2    920.1
     1     1    25     5     7     9     0     3   -39.0   32.508  -88.760     19.7    999.0
     2     1    25     5     7     9     0     3   -39.0   31.798  -89.511     19.3    998.2
     3     1    25     5     7     9     0     3   -39.0   31.523  -89.764     30.1    997.8
     4     1    25     5     7     9     0     3   -39.0   31.039  -89.905    663.4    929.2
     1     1    25     5     7     8     0     2   -40.0   32.456  -88.630     19.8   1000.7
     2     1    25     5     7     8     0     2   -40.0   31.715  -89.440     11.4   1000.3
     3     1    25     5     7     8     0     2   -40.0   31.464  -89.703     18.2   1000.2
     4     1    25     5     7     8     0     2   -40.0   31.028  -89.793    519.5    945.0
     1     1    25     5     7     7     0     1   -41.0   32.449  -88.521     20.1   1001.9
     2     1    25     5     7     7     0     1   -41.0   31.696  -89.378      7.3   1001.1
     3     1    25     5     7     7     0     1   -41.0   31.441  -89.640     12.6   1001.5
     4     1    25     5     7     7     0     1   -41.0   30.944  -89.722    481.0    949.8
     1     1    25     5     7     6     0     0   -42.0   32.477  -88.422     22.0   1002.6
     2     1    25     5     7     6     0     0   -42.0   31.725  -89.332      4.8   1001.4
     3     1    25     5     7     6     0     0   -42.0   31.437  -89.577      9.3   1002.2
     4     1    25     5     7     6     0     0   -42.0   30.759  -89.690    507.2    948.6
     1     1    25     5     7     5     0     1   -43.0   32.516  -88.322     26.6   1002.6
     2     1    25     5     7     5     0     1   -43.0   31.766  -89.287      3.1   1000.7
     3     1    25     5     7     5     0     1   -43.0   31.433  -89.513      6.5   1001.7
     4     1    25     5     7     5     0     1   -43.0   30.492  -89.661    559.5    945.2
     1     1    25     5     7     4     0     2   -44.0   32.544  -88.210     32.4   1002.4
     2     1    25     5     7     4     0     2   -44.0   31.782  -89.223      1.7   1000.2
     3     1    25     5     7     4     0     2   -44.0   31.413  -89.441      2.7   1001.1
     4     1    25     5     7     4     0     2   -44.0   30.166  -89.583    577.7    946.1
     1     1    25     5     7     3     0     3   -45.0   32.561  -88.085     35.9   1002.5
     2     1    25     5     7     3     0     3   -45.0   31.765  -89.141      0.0    999.8
     3     1    25     5     7     3     0     3   -45.0   31.370  -89.355      0.0   1000.6
     4     1    25     5     7     3     0     3   -45.0   29.760  -89.449    597.9    945.3
     1     1    25     5     7     2     0     2   -46.0   32.560  -87.964     37.7   1002.6
     2     1    25     5     7     2     0     2   -46.0   31.720  -89.050      0.0   1000.3
     3     1    25     5     7     2     0     2   -46.0   31.302  -89.255      0.0   1001.3
     4     1    25     5     7     2     0     2   -46.0   29.313  -89.297    617.4    943.5
     1     1    25     5     7     1     0     1   -47.0   32.538  -87.858     41.9   1001.5
     2     1    25     5     7     1     0     1   -47.0   31.659  -88.962      0.0   1001.1
     3     1    25     5     7     1     0     1   -47.0   31.212  -89.150      0.0   1002.3
     4     1    25     5     7     1     0     1   -47.0   28.889  -89.145    640.7    941.3
     1     1    25     5     7     0     0     0   -48.0   32.499  -87.767     48.4   1000.3
     2     1    25     5     7     0     0     0   -48.0   31.583  -88.880      0.0   1002.2
     3     1    25     5     7     0     0     0   -48.0   31.098  -89.045      0.0   1003.7
     4     1    25     5     7     0     0     0   -48.0   28.504  -88.982    668.4    938.6
